       203
         1    N3          1   ALA     N          1     0.141400    14.010000     0.325000     0.711280     0.649400     0.566500     0.241800
         2     H          1   ALA    H1          2     0.199700     1.008000     0.106908     0.065689     0.679400     0.475500     0.209800
         3     H          1   ALA    H2          3     0.199700     1.008000     0.106908     0.065689     0.699400     0.591500     0.325800
         4     H          1   ALA    H3          4     0.199700     1.008000     0.106908     0.065689     0.668400     0.634500     0.169800
         5    CT          1   ALA    CA          5     0.096200    12.010000     0.339967     0.457730     0.504400     0.564500     0.269800
         6    HP          1   ALA    HA          6     0.088900     1.008000     0.195998     0.065689     0.475400     0.664500     0.298800
         7    CT          1   ALA    CB          7    -0.059700    12.010000     0.339967     0.457730     0.427400     0.529500     0.141800
         8    HC          1   ALA   HB1          8     0.030000     1.008000     0.264953     0.065689     0.320400     0.528500     0.162800
         9    HC          1   ALA   HB2          9     0.030000     1.008000     0.264953     0.065689     0.447400     0.603500     0.064800
        10    HC          1   ALA   HB3         10     0.030000     1.008000     0.264953     0.065689     0.457400     0.430500     0.104800
        11     C          1   ALA     C         11     0.616300    12.010000     0.339967     0.359824     0.473400     0.470500     0.386800
        12     O          1   ALA     O         12    -0.572200    16.000000     0.295992     0.878640     0.404400     0.369500     0.370800
        13     N          2   ALA     N         13    -0.415700    14.010000     0.325000     0.711280     0.523400     0.506500     0.505800
        14     H          2   ALA     H         14     0.271900     1.008000     0.106908     0.065689     0.579400     0.590500     0.511800
        15    CT          2   ALA    CA         15     0.033700    12.010000     0.339967     0.457730     0.495400     0.438500     0.632800
        16    H1          2   ALA    HA         16     0.082300     1.008000     0.247135     0.065689     0.390400     0.410500     0.635800
        17    CT          2   ALA    CB         17    -0.182500    12.010000     0.339967     0.457730     0.581400     0.311500     0.643800
        18    HC          2   ALA   HB1         18     0.060300     1.008000     0.264953     0.065689     0.550400     0.254500     0.731800
        19    HC          2   ALA   HB2         19     0.060300     1.008000     0.264953     0.065689     0.567400     0.248500     0.555800
        20    HC          2   ALA   HB3         20     0.060300     1.008000     0.264953     0.065689     0.686400     0.337500     0.653800
        21     C          2   ALA     C         21     0.597300    12.010000     0.339967     0.359824     0.526400     0.531500     0.751800
        22     O          2   ALA     O         22    -0.567900    16.000000     0.295992     0.878640     0.603400     0.625500     0.738800
        23     N          3   ALA     N         23    -0.415700    14.010000     0.325000     0.711280     0.466400     0.500500     0.867800
        24     H          3   ALA     H         24     0.271900     1.008000     0.106908     0.065689     0.403400     0.421500     0.871800
        25    CT          3   ALA    CA         25     0.033700    12.010000     0.339967     0.457730     0.494400     0.567500     0.995800
        26    H1          3   ALA    HA         26     0.082300     1.008000     0.247135     0.065689     0.600400     0.592500     0.998800
        27    CT          3   ALA    CB         27    -0.182500    12.010000     0.339967     0.457730     0.413400     0.696500     1.005800
        28    HC          3   ALA   HB1         28     0.060300     1.008000     0.264953     0.065689     0.447400     0.754500     1.091800
        29    HC          3   ALA   HB2         29     0.060300     1.008000     0.264953     0.065689     0.427400     0.757500     0.915800
        30    HC          3   ALA   HB3         30     0.060300     1.008000     0.264953     0.065689     0.307400     0.673500     1.016800
        31     C          3   ALA     C         31     0.597300    12.010000     0.339967     0.359824     0.462400     0.475500     1.114800
        32     O          3   ALA     O         32    -0.567900    16.000000     0.295992     0.878640     0.382400     0.382500     1.101800
        33     N          4   ALA     N         33    -0.415700    14.010000     0.325000     0.711280     0.522400     0.505500     1.230800
        34     H          4   ALA     H         34     0.271900     1.008000     0.106908     0.065689     0.586400     0.583500     1.233800
        35    CT          4   ALA    CA         35     0.033700    12.010000     0.339967     0.457730     0.495400     0.438500     1.357800
        36    H1          4   ALA    HA         36     0.082300     1.008000     0.247135     0.065689     0.389400     0.413500     1.362800
        37    CT          4   ALA    CB         37    -0.182500    12.010000     0.339967     0.457730     0.577400     0.309500     1.367800
        38    HC          4   ALA   HB1         38     0.060300     1.008000     0.264953     0.065689     0.546400     0.253500     1.455800
        39    HC          4   ALA   HB2         39     0.060300     1.008000     0.264953     0.065689     0.560400     0.247500     1.279800
        40    HC          4   ALA   HB3         40     0.060300     1.008000     0.264953     0.065689     0.683400     0.333500     1.375800
        41     C          4   ALA     C         41     0.597300    12.010000     0.339967     0.359824     0.527400     0.530500     1.476800
        42     O          4   ALA     O         42    -0.567900    16.000000     0.295992     0.878640     0.607400     0.623500     1.464800
        43     N          5   ALA     N         43    -0.415700    14.010000     0.325000     0.711280     0.468400     0.500500     1.593800
        44     H          5   ALA     H         44     0.271900     1.008000     0.106908     0.065689     0.404400     0.422500     1.596800
        45    CT          5   ALA    CA         45     0.033700    12.010000     0.339967     0.457730     0.496400     0.567500     1.720800
        46    H1          5   ALA    HA         46     0.082300     1.008000     0.247135     0.065689     0.602400     0.592500     1.724800
        47    CT          5   ALA    CB         47    -0.182500    12.010000     0.339967     0.457730     0.414400     0.696500     1.730800
        48    HC          5   ALA   HB1         48     0.060300     1.008000     0.264953     0.065689     0.446400     0.753500     1.817800
        49    HC          5   ALA   HB2         49     0.060300     1.008000     0.264953     0.065689     0.428400     0.757500     1.641800
        50    HC          5   ALA   HB3         50     0.060300     1.008000     0.264953     0.065689     0.308400     0.672500     1.741800
        51     C          5   ALA     C         51     0.597300    12.010000     0.339967     0.359824     0.463400     0.475500     1.839800
        52     O          5   ALA     O         52    -0.567900    16.000000     0.295992     0.878640     0.384400     0.381500     1.827800
        53     N          6   ALA     N         53    -0.415700    14.010000     0.325000     0.711280     0.523400     0.505500     1.956800
        54     H          6   ALA     H         54     0.271900     1.008000     0.106908     0.065689     0.587400     0.583500     1.959800
        55    CT          6   ALA    CA         55     0.033700    12.010000     0.339967     0.457730     0.496400     0.438500     2.083800
        56    H1          6   ALA    HA         56     0.082300     1.008000     0.247135     0.065689     0.390400     0.412500     2.087800
        57    CT          6   ALA    CB         57    -0.182500    12.010000     0.339967     0.457730     0.578400     0.309500     2.093800
        58    HC          6   ALA   HB1         58     0.060300     1.008000     0.264953     0.065689     0.547400     0.252500     2.181800
        59    HC          6   ALA   HB2         59     0.060300     1.008000     0.264953     0.065689     0.563400     0.247500     2.004800
        60    HC          6   ALA   HB3         60     0.060300     1.008000     0.264953     0.065689     0.684400     0.333500     2.102800
        61     C          6   ALA     C         61     0.597300    12.010000     0.339967     0.359824     0.528400     0.530500     2.202800
        62     O          6   ALA     O         62    -0.567900    16.000000     0.295992     0.878640     0.607400     0.623500     2.190800
        63     N          7   ALA     N         63    -0.415700    14.010000     0.325000     0.711280     0.468400     0.499500     2.319800
        64     H          7   ALA     H         64     0.271900     1.008000     0.106908     0.065689     0.404400     0.421500     2.321800
        65    CT          7   ALA    CA         65     0.033700    12.010000     0.339967     0.457730     0.495400     0.566500     2.446800
        66    H1          7   ALA    HA         66     0.082300     1.008000     0.247135     0.065689     0.601400     0.593500     2.450800
        67    CT          7   ALA    CB         67    -0.182500    12.010000     0.339967     0.457730     0.412400     0.695500     2.456800
        68    HC          7   ALA   HB1         68     0.060300     1.008000     0.264953     0.065689     0.444400     0.752500     2.543800
        69    HC          7   ALA   HB2         69     0.060300     1.008000     0.264953     0.065689     0.427400     0.756500     2.367800
        70    HC          7   ALA   HB3         70     0.060300     1.008000     0.264953     0.065689     0.307400     0.671500     2.466800
        71     C          7   ALA     C         71     0.597300    12.010000     0.339967     0.359824     0.463400     0.474500     2.565800
        72     O          7   ALA     O         72    -0.567900    16.000000     0.295992     0.878640     0.384400     0.380500     2.553800
        73     N          8   ALA     N         73    -0.415700    14.010000     0.325000     0.711280     0.523400     0.504500     2.681800
        74     H          8   ALA     H         74     0.271900     1.008000     0.106908     0.065689     0.587400     0.583500     2.684800
        75    CT          8   ALA    CA         75     0.033700    12.010000     0.339967     0.457730     0.497400     0.437500     2.809800
        76    H1          8   ALA    HA         76     0.082300     1.008000     0.247135     0.065689     0.391400     0.411500     2.813800
        77    CT          8   ALA    CB         77    -0.182500    12.010000     0.339967     0.457730     0.580400     0.309500     2.818800
        78    HC          8   ALA   HB1         78     0.060300     1.008000     0.264953     0.065689     0.549400     0.252500     2.906800
        79    HC          8   ALA   HB2         79     0.060300     1.008000     0.264953     0.065689     0.565400     0.247500     2.730800
        80    HC          8   ALA   HB3         80     0.060300     1.008000     0.264953     0.065689     0.686400     0.334500     2.827800
        81     C          8   ALA     C         81     0.597300    12.010000     0.339967     0.359824     0.528400     0.529500     2.928800
        82     O          8   ALA     O         82    -0.567900    16.000000     0.295992     0.878640     0.607400     0.623500     2.915800
        83     N          9   ALA     N         83    -0.415700    14.010000     0.325000     0.711280     0.468400     0.499500     3.044800
        84     H          9   ALA     H         84     0.271900     1.008000     0.106908     0.065689     0.405400     0.420500     3.047800
        85    CT          9   ALA    CA         85     0.033700    12.010000     0.339967     0.457730     0.495400     0.566500     3.171800
        86    H1          9   ALA    HA         86     0.082300     1.008000     0.247135     0.065689     0.601400     0.593500     3.175800
        87    CT          9   ALA    CB         87    -0.182500    12.010000     0.339967     0.457730     0.411400     0.694500     3.181800
        88    HC          9   ALA   HB1         88     0.060300     1.008000     0.264953     0.065689     0.442400     0.751500     3.269800
        89    HC          9   ALA   HB2         89     0.060300     1.008000     0.264953     0.065689     0.426400     0.756500     3.092800
        90    HC          9   ALA   HB3         90     0.060300     1.008000     0.264953     0.065689     0.306400     0.669500     3.191800
        91     C          9   ALA     C         91     0.597300    12.010000     0.339967     0.359824     0.464400     0.474500     3.290800
        92     O          9   ALA     O         92    -0.567900    16.000000     0.295992     0.878640     0.385400     0.380500     3.278800
        93     N         10   ALA     N         93    -0.415700    14.010000     0.325000     0.711280     0.524400     0.504500     3.407800
        94     H         10   ALA     H         94     0.271900     1.008000     0.106908     0.065689     0.587400     0.583500     3.409800
        95    CT         10   ALA    CA         95     0.033700    12.010000     0.339967     0.457730     0.497400     0.437500     3.534800
        96    H1         10   ALA    HA         96     0.082300     1.008000     0.247135     0.065689     0.392400     0.409500     3.538800
        97    CT         10   ALA    CB         97    -0.182500    12.010000     0.339967     0.457730     0.581400     0.309500     3.544800
        98    HC         10   ALA   HB1         98     0.060300     1.008000     0.264953     0.065689     0.550400     0.251500     3.631800
        99    HC         10   ALA   HB2         99     0.060300     1.008000     0.264953     0.065689     0.567400     0.247500     3.454800
       100    HC         10   ALA   HB3        100     0.060300     1.008000     0.264953     0.065689     0.687400     0.334500     3.553800
       101     C         10   ALA     C        101     0.597300    12.010000     0.339967     0.359824     0.528400     0.529500     3.653800
       102     O         10   ALA     O        102    -0.567900    16.000000     0.295992     0.878640     0.607400     0.623500     3.641800
       103     N         11   ALA     N        103    -0.415700    14.010000     0.325000     0.711280     0.469400     0.498500     3.769800
       104     H         11   ALA     H        104     0.271900     1.008000     0.106908     0.065689     0.406400     0.419500     3.772800
       105    CT         11   ALA    CA        105     0.033700    12.010000     0.339967     0.457730     0.495400     0.565500     3.897800
       106    H1         11   ALA    HA        106     0.082300     1.008000     0.247135     0.065689     0.600400     0.593500     3.901800
       107    CT         11   ALA    CB        107    -0.182500    12.010000     0.339967     0.457730     0.410400     0.693500     3.906800
       108    HC         11   ALA   HB1        108     0.060300     1.008000     0.264953     0.065689     0.441400     0.750500     3.994800
       109    HC         11   ALA   HB2        109     0.060300     1.008000     0.264953     0.065689     0.425400     0.755500     3.818800
       110    HC         11   ALA   HB3        110     0.060300     1.008000     0.264953     0.065689     0.305400     0.667500     3.915800
       111     C         11   ALA     C        111     0.597300    12.010000     0.339967     0.359824     0.464400     0.473500     4.016800
       112     O         11   ALA     O        112    -0.567900    16.000000     0.295992     0.878640     0.386400     0.379500     4.003800
       113     N         12   ALA     N        113    -0.415700    14.010000     0.325000     0.711280     0.524400     0.504500     4.132800
       114     H         12   ALA     H        114     0.271900     1.008000     0.106908     0.065689     0.587400     0.583500     4.135800
       115    CT         12   ALA    CA        115     0.033700    12.010000     0.339967     0.457730     0.498400     0.436500     4.259800
       116    H1         12   ALA    HA        116     0.082300     1.008000     0.247135     0.065689     0.393400     0.408500     4.263800
       117    CT         12   ALA    CB        117    -0.182500    12.010000     0.339967     0.457730     0.583400     0.309500     4.269800
       118    HC         12   ALA   HB1        118     0.060300     1.008000     0.264953     0.065689     0.552400     0.251500     4.356800
       119    HC         12   ALA   HB2        119     0.060300     1.008000     0.264953     0.065689     0.569400     0.248500     4.179800
       120    HC         12   ALA   HB3        120     0.060300     1.008000     0.264953     0.065689     0.688400     0.335500     4.279800
       121     C         12   ALA     C        121     0.597300    12.010000     0.339967     0.359824     0.529400     0.529500     4.378800
       122     O         12   ALA     O        122    -0.567900    16.000000     0.295992     0.878640     0.606400     0.623500     4.366800
       123     N         13   ALA     N        123    -0.415700    14.010000     0.325000     0.711280     0.469400     0.497500     4.495800
       124     H         13   ALA     H        124     0.271900     1.008000     0.106908     0.065689     0.407400     0.418500     4.497800
       125    CT         13   ALA    CA        125     0.033700    12.010000     0.339967     0.457730     0.495400     0.565500     4.622800
       126    H1         13   ALA    HA        126     0.082300     1.008000     0.247135     0.065689     0.600400     0.593500     4.626800
       127    CT         13   ALA    CB        127    -0.182500    12.010000     0.339967     0.457730     0.409400     0.692500     4.631800
       128    HC         13   ALA   HB1        128     0.060300     1.008000     0.264953     0.065689     0.439400     0.749500     4.719800
       129    HC         13   ALA   HB2        129     0.060300     1.008000     0.264953     0.065689     0.424400     0.754500     4.543800
       130    HC         13   ALA   HB3        130     0.060300     1.008000     0.264953     0.065689     0.304400     0.665500     4.640800
       131     C         13   ALA     C        131     0.597300    12.010000     0.339967     0.359824     0.465400     0.472500     4.741800
       132     O         13   ALA     O        132    -0.567900    16.000000     0.295992     0.878640     0.387400     0.377500     4.728800
       133     N         14   ALA     N        133    -0.415700    14.010000     0.325000     0.711280     0.524400     0.504500     4.857800
       134     H         14   ALA     H        134     0.271900     1.008000     0.106908     0.065689     0.586400     0.583500     4.860800
       135    CT         14   ALA    CA        135     0.033700    12.010000     0.339967     0.457730     0.499400     0.436500     4.984800
       136    H1         14   ALA    HA        136     0.082300     1.008000     0.247135     0.065689     0.394400     0.407500     4.988800
       137    CT         14   ALA    CB        137    -0.182500    12.010000     0.339967     0.457730     0.584400     0.309500     4.994800
       138    HC         14   ALA   HB1        138     0.060300     1.008000     0.264953     0.065689     0.553400     0.250500     5.080800
       139    HC         14   ALA   HB2        139     0.060300     1.008000     0.264953     0.065689     0.572400     0.248500     4.904800
       140    HC         14   ALA   HB3        140     0.060300     1.008000     0.264953     0.065689     0.690400     0.336500     5.005800
       141     C         14   ALA     C        141     0.597300    12.010000     0.339967     0.359824     0.529400     0.528500     5.103800
       142     O         14   ALA     O        142    -0.567900    16.000000     0.295992     0.878640     0.606400     0.624500     5.091800
       143     N         15   ALA     N        143    -0.415700    14.010000     0.325000     0.711280     0.470400     0.497500     5.220800
       144     H         15   ALA     H        144     0.271900     1.008000     0.106908     0.065689     0.408400     0.417500     5.222800
       145    CT         15   ALA    CA        145     0.033700    12.010000     0.339967     0.457730     0.495400     0.564500     5.347800
       146    H1         15   ALA    HA        146     0.082300     1.008000     0.247135     0.065689     0.600400     0.594500     5.351800
       147    CT         15   ALA    CB        147    -0.182500    12.010000     0.339967     0.457730     0.408400     0.691500     5.357800
       148    HC         15   ALA   HB1        148     0.060300     1.008000     0.264953     0.065689     0.437400     0.748500     5.445800
       149    HC         15   ALA   HB2        149     0.060300     1.008000     0.264953     0.065689     0.423400     0.753500     5.268800
       150    HC         15   ALA   HB3        150     0.060300     1.008000     0.264953     0.065689     0.303400     0.664500     5.365800
       151     C         15   ALA     C        151     0.597300    12.010000     0.339967     0.359824     0.465400     0.472500     5.466800
       152     O         15   ALA     O        152    -0.567900    16.000000     0.295992     0.878640     0.388400     0.376500     5.454800
       153     N         16   ALA     N        153    -0.415700    14.010000     0.325000     0.711280     0.524400     0.503500     5.582800
       154     H         16   ALA     H        154     0.271900     1.008000     0.106908     0.065689     0.586400     0.583500     5.585800
       155    CT         16   ALA    CA        155     0.033700    12.010000     0.339967     0.457730     0.499400     0.436500     5.710800
       156    H1         16   ALA    HA        156     0.082300     1.008000     0.247135     0.065689     0.394400     0.406500     5.714800
       157    CT         16   ALA    CB        157    -0.182500    12.010000     0.339967     0.457730     0.586400     0.309500     5.719800
       158    HC         16   ALA   HB1        158     0.060300     1.008000     0.264953     0.065689     0.555400     0.250500     5.806800
       159    HC         16   ALA   HB2        159     0.060300     1.008000     0.264953     0.065689     0.574400     0.248500     5.629800
       160    HC         16   ALA   HB3        160     0.060300     1.008000     0.264953     0.065689     0.691400     0.336500     5.731800
       161     C         16   ALA     C        161     0.597300    12.010000     0.339967     0.359824     0.529400     0.528500     5.829800
       162     O         16   ALA     O        162    -0.567900    16.000000     0.295992     0.878640     0.605400     0.624500     5.816800
       163     N         17   ALA     N        163    -0.415700    14.010000     0.325000     0.711280     0.470400     0.496500     5.945800
       164     H         17   ALA     H        164     0.271900     1.008000     0.106908     0.065689     0.409400     0.416500     5.948800
       165    CT         17   ALA    CA        165     0.033700    12.010000     0.339967     0.457730     0.495400     0.564500     6.072800
       166    H1         17   ALA    HA        166     0.082300     1.008000     0.247135     0.065689     0.600400     0.594500     6.076800
       167    CT         17   ALA    CB        167    -0.182500    12.010000     0.339967     0.457730     0.407400     0.690500     6.082800
       168    HC         17   ALA   HB1        168     0.060300     1.008000     0.264953     0.065689     0.436400     0.747500     6.170800
       169    HC         17   ALA   HB2        169     0.060300     1.008000     0.264953     0.065689     0.422400     0.752500     5.994800
       170    HC         17   ALA   HB3        170     0.060300     1.008000     0.264953     0.065689     0.302400     0.662500     6.090800
       171     C         17   ALA     C        171     0.597300    12.010000     0.339967     0.359824     0.466400     0.472500     6.191800
       172     O         17   ALA     O        172    -0.567900    16.000000     0.295992     0.878640     0.390400     0.375500     6.179800
       173     N         18   ALA     N        173    -0.415700    14.010000     0.325000     0.711280     0.526400     0.504500     6.307800
       174     H         18   ALA     H        174     0.271900     1.008000     0.106908     0.065689     0.587400     0.584500     6.310800
       175    CT         18   ALA    CA        175     0.033700    12.010000     0.339967     0.457730     0.501400     0.436500     6.435800
       176    H1         18   ALA    HA        176     0.082300     1.008000     0.247135     0.065689     0.396400     0.406500     6.439800
       177    CT         18   ALA    CB        177    -0.182500    12.010000     0.339967     0.457730     0.588400     0.310500     6.445800
       178    HC         18   ALA   HB1        178     0.060300     1.008000     0.264953     0.065689     0.556400     0.251500     6.531800
       179    HC         18   ALA   HB2        179     0.060300     1.008000     0.264953     0.065689     0.577400     0.249500     6.355800
       180    HC         18   ALA   HB3        180     0.060300     1.008000     0.264953     0.065689     0.692400     0.338500     6.457800
       181     C         18   ALA     C        181     0.597300    12.010000     0.339967     0.359824     0.530400     0.529500     6.554800
       182     O         18   ALA     O        182    -0.567900    16.000000     0.295992     0.878640     0.606400     0.625500     6.541800
       183     N         19   ALA     N        183    -0.415700    14.010000     0.325000     0.711280     0.471400     0.497500     6.670800
       184     H         19   ALA     H        184     0.271900     1.008000     0.106908     0.065689     0.410400     0.416500     6.672800
       185    CT         19   ALA    CA        185     0.033700    12.010000     0.339967     0.457730     0.495400     0.564500     6.797800
       186    H1         19   ALA    HA        186     0.082300     1.008000     0.247135     0.065689     0.599400     0.594500     6.802800
       187    CT         19   ALA    CB        187    -0.182500    12.010000     0.339967     0.457730     0.407400     0.690500     6.807800
       188    HC         19   ALA   HB1        188     0.060300     1.008000     0.264953     0.065689     0.435400     0.746500     6.896800
       189    HC         19   ALA   HB2        189     0.060300     1.008000     0.264953     0.065689     0.422400     0.753500     6.720800
       190    HC         19   ALA   HB3        190     0.060300     1.008000     0.264953     0.065689     0.302400     0.661500     6.814800
       191     C         19   ALA     C        191     0.597300    12.010000     0.339967     0.359824     0.465400     0.470500     6.915800
       192     O         19   ALA     O        192    -0.567900    16.000000     0.295992     0.878640     0.395400     0.369500     6.899800
       193     N         20   ALA     N        193    -0.382100    14.010000     0.325000     0.711280     0.517400     0.505500     7.034800
       194     H         20   ALA     H        194     0.268100     1.008000     0.106908     0.065689     0.574400     0.588500     7.039800
       195    CT         20   ALA    CA        195    -0.174700    12.010000     0.339967     0.457730     0.491400     0.435500     7.160800
       196    H1         20   ALA    HA        196     0.106700     1.008000     0.247135     0.065689     0.390400     0.394500     7.156800
       197    CT         20   ALA    CB        197    -0.209300    12.010000     0.339967     0.457730     0.590400     0.319500     7.177800
       198    HC         20   ALA   HB1        198     0.076400     1.008000     0.264953     0.065689     0.560400     0.258500     7.262800
       199    HC         20   ALA   HB2        199     0.076400     1.008000     0.264953     0.065689     0.590400     0.256500     7.088800
       200    HC         20   ALA   HB3        200     0.076400     1.008000     0.264953     0.065689     0.690400     0.358500     7.194800
       201     C         20   ALA     C        201     0.773100    12.010000     0.339967     0.359824     0.499400     0.531500     7.279800
       202    O2         20   ALA   OC1        202    -0.805500    16.000000     0.295992     0.878640     0.440400     0.494500     7.384800
       203    O2         20   ALA   OC2        203    -0.805500    16.000000     0.295992     0.878640     0.563400     0.637500     7.267800
