         1     0.000000     0.325420  3
         2     0.000000     0.325420  3
         3     0.000000     0.325420  3
         4     0.000000     0.325420  3
         5     0.000000     0.325420  3
         6     0.000000     0.325420  3
         7     0.000000     0.325420  3
         8     0.000000     0.325420  3
         9     0.000000     0.325420  3
        10     0.000000     0.325420  3
        11     0.000000     0.325420  3
        12     0.000000     0.325420  3
        13     0.000000     0.325420  3
        14     0.000000     0.325420  3
        15     0.000000     0.325420  3
        16     0.000000     0.325420  3
        17     0.000000     0.325420  3
        18     0.000000     0.325420  3
        19     0.000000     0.000000  0
        20     0.000000     0.000000  0
        21     0.000000     0.000000  0
        22     0.000000     0.000000  0
        23     0.000000     0.000000  0
        24     0.000000     0.418400  1
        24     0.000000     0.418400  2
        24     0.000000     0.836800  3
        25   180.000000     5.230000  2
        26   180.000000     5.230000  2
        27   180.000000     5.230000  2
        28   180.000000     5.230000  2
        29     0.000000     0.000000  0
        30     0.000000     0.000000  0
        31     0.000000     0.564840  2
        31     0.000000     0.878640  3
        32     0.000000     0.000000  0
        33     0.000000     0.000000  0
        34     0.000000     0.000000  0
        35     0.000000     0.325420  3
        36     0.000000     0.325420  3
        37     0.000000     0.325420  3
        38     0.000000     0.325420  3
        39     0.000000     0.325420  3
        40     0.000000     0.325420  3
        41     0.000000     0.325420  3
        42     0.000000     0.325420  3
        43     0.000000     0.325420  3
        44     0.000000     0.000000  0
        45   180.000000     0.941400  1
        45   180.000000     3.305360  2
        45   180.000000     1.150600  3
        46     0.000000     1.673600  1
        46   180.000000     0.167360  3
        47     0.000000     0.000000  0
        48     0.000000     0.000000  0
        49     0.000000     0.418400  1
        49     0.000000     0.418400  2
        49     0.000000     0.836800  3
        50   180.000000     5.230000  2
        51   180.000000     5.230000  2
        52   180.000000     5.230000  2
        53   180.000000     5.230000  2
        54     0.000000     0.000000  0
        55     0.000000     0.000000  0
        56     0.000000     0.564840  2
        56     0.000000     0.878640  3
        57     0.000000     0.000000  0
        58     0.000000     0.000000  0
        59     0.000000     0.000000  0
        60     0.000000     0.325420  3
        61     0.000000     0.325420  3
        62     0.000000     0.325420  3
        63     0.000000     0.325420  3
        64     0.000000     0.325420  3
        65     0.000000     0.325420  3
        66     0.000000     0.325420  3
        67     0.000000     0.325420  3
        68     0.000000     0.325420  3
        69     0.000000     0.000000  0
        70   180.000000     0.941400  1
        70   180.000000     3.305360  2
        70   180.000000     1.150600  3
        71     0.000000     1.673600  1
        71   180.000000     0.167360  3
        72     0.000000     0.000000  0
        73     0.000000     0.000000  0
        74     0.000000     0.418400  1
        74     0.000000     0.418400  2
        74     0.000000     0.836800  3
        75   180.000000     5.230000  2
        76   180.000000     5.230000  2
        77   180.000000     5.230000  2
        78   180.000000     5.230000  2
        79     0.000000     0.000000  0
        80     0.000000     0.000000  0
        81     0.000000     0.564840  2
        81     0.000000     0.878640  3
        82     0.000000     0.000000  0
        83     0.000000     0.000000  0
        84     0.000000     0.000000  0
        85     0.000000     0.325420  3
        86     0.000000     0.325420  3
        87     0.000000     0.325420  3
        88     0.000000     0.325420  3
        89     0.000000     0.325420  3
        90     0.000000     0.325420  3
        91     0.000000     0.325420  3
        92     0.000000     0.325420  3
        93     0.000000     0.325420  3
        94     0.000000     0.000000  0
        95   180.000000     0.941400  1
        95   180.000000     3.305360  2
        95   180.000000     1.150600  3
        96     0.000000     1.673600  1
        96   180.000000     0.167360  3
        97     0.000000     0.000000  0
        98     0.000000     0.000000  0
        99     0.000000     0.418400  1
        99     0.000000     0.418400  2
        99     0.000000     0.836800  3
       100   180.000000     5.230000  2
       101   180.000000     5.230000  2
       102   180.000000     5.230000  2
       103   180.000000     5.230000  2
       104     0.000000     0.000000  0
       105     0.000000     0.000000  0
       106     0.000000     0.564840  2
       106     0.000000     0.878640  3
       107     0.000000     0.000000  0
       108     0.000000     0.000000  0
       109     0.000000     0.000000  0
       110     0.000000     0.325420  3
       111     0.000000     0.325420  3
       112     0.000000     0.325420  3
       113     0.000000     0.325420  3
       114     0.000000     0.325420  3
       115     0.000000     0.325420  3
       116     0.000000     0.325420  3
       117     0.000000     0.325420  3
       118     0.000000     0.325420  3
       119     0.000000     0.000000  0
       120   180.000000     0.941400  1
       120   180.000000     3.305360  2
       120   180.000000     1.150600  3
       121     0.000000     1.673600  1
       121   180.000000     0.167360  3
       122     0.000000     0.000000  0
       123     0.000000     0.000000  0
       124     0.000000     0.418400  1
       124     0.000000     0.418400  2
       124     0.000000     0.836800  3
       125   180.000000     5.230000  2
       126   180.000000     5.230000  2
       127   180.000000     5.230000  2
       128   180.000000     5.230000  2
       129     0.000000     0.000000  0
       130     0.000000     0.000000  0
       131     0.000000     0.564840  2
       131     0.000000     0.878640  3
       132     0.000000     0.000000  0
       133     0.000000     0.000000  0
       134     0.000000     0.000000  0
       135     0.000000     0.325420  3
       136     0.000000     0.325420  3
       137     0.000000     0.325420  3
       138     0.000000     0.325420  3
       139     0.000000     0.325420  3
       140     0.000000     0.325420  3
       141     0.000000     0.325420  3
       142     0.000000     0.325420  3
       143     0.000000     0.325420  3
       144     0.000000     0.000000  0
       145   180.000000     0.941400  1
       145   180.000000     3.305360  2
       145   180.000000     1.150600  3
       146     0.000000     1.673600  1
       146   180.000000     0.167360  3
       147     0.000000     0.000000  0
       148     0.000000     0.000000  0
       149     0.000000     0.418400  1
       149     0.000000     0.418400  2
       149     0.000000     0.836800  3
       150   180.000000     5.230000  2
       151   180.000000     5.230000  2
       152   180.000000     5.230000  2
       153   180.000000     5.230000  2
       154     0.000000     0.000000  0
       155     0.000000     0.000000  0
       156     0.000000     0.564840  2
       156     0.000000     0.878640  3
       157     0.000000     0.000000  0
       158     0.000000     0.000000  0
       159     0.000000     0.000000  0
       160     0.000000     0.325420  3
       161     0.000000     0.325420  3
       162     0.000000     0.325420  3
       163     0.000000     0.325420  3
       164     0.000000     0.325420  3
       165     0.000000     0.325420  3
       166     0.000000     0.325420  3
       167     0.000000     0.325420  3
       168     0.000000     0.325420  3
       169     0.000000     0.000000  0
       170   180.000000     0.941400  1
       170   180.000000     3.305360  2
       170   180.000000     1.150600  3
       171     0.000000     1.673600  1
       171   180.000000     0.167360  3
       172     0.000000     0.000000  0
       173     0.000000     0.000000  0
       174     0.000000     0.418400  1
       174     0.000000     0.418400  2
       174     0.000000     0.836800  3
       175   180.000000     5.230000  2
       176   180.000000     5.230000  2
       177   180.000000     5.230000  2
       178   180.000000     5.230000  2
       179     0.000000     0.000000  0
       180     0.000000     0.000000  0
       181     0.000000     0.564840  2
       181     0.000000     0.878640  3
       182     0.000000     0.000000  0
       183     0.000000     0.000000  0
       184     0.000000     0.000000  0
       185     0.000000     0.325420  3
       186     0.000000     0.325420  3
       187     0.000000     0.325420  3
       188     0.000000     0.325420  3
       189     0.000000     0.325420  3
       190     0.000000     0.325420  3
       191     0.000000     0.325420  3
       192     0.000000     0.325420  3
       193     0.000000     0.325420  3
       194     0.000000     0.000000  0
       195   180.000000     0.941400  1
       195   180.000000     3.305360  2
       195   180.000000     1.150600  3
       196     0.000000     1.673600  1
       196   180.000000     0.167360  3
       197     0.000000     0.000000  0
       198     0.000000     0.000000  0
       199     0.000000     0.418400  1
       199     0.000000     0.418400  2
       199     0.000000     0.836800  3
       200   180.000000     5.230000  2
       201   180.000000     5.230000  2
       202   180.000000     5.230000  2
       203   180.000000     5.230000  2
       204     0.000000     0.000000  0
       205     0.000000     0.000000  0
       206     0.000000     0.564840  2
       206     0.000000     0.878640  3
       207     0.000000     0.000000  0
       208     0.000000     0.000000  0
       209     0.000000     0.000000  0
       210     0.000000     0.325420  3
       211     0.000000     0.325420  3
       212     0.000000     0.325420  3
       213     0.000000     0.325420  3
       214     0.000000     0.325420  3
       215     0.000000     0.325420  3
       216     0.000000     0.325420  3
       217     0.000000     0.325420  3
       218     0.000000     0.325420  3
       219     0.000000     0.000000  0
       220   180.000000     0.941400  1
       220   180.000000     3.305360  2
       220   180.000000     1.150600  3
       221     0.000000     1.673600  1
       221   180.000000     0.167360  3
       222     0.000000     0.000000  0
       223     0.000000     0.000000  0
       224     0.000000     0.418400  1
       224     0.000000     0.418400  2
       224     0.000000     0.836800  3
       225   180.000000     5.230000  2
       226   180.000000     5.230000  2
       227   180.000000     5.230000  2
       228   180.000000     5.230000  2
       229     0.000000     0.000000  0
       230     0.000000     0.000000  0
       231     0.000000     0.564840  2
       231     0.000000     0.878640  3
       232     0.000000     0.000000  0
       233     0.000000     0.000000  0
       234     0.000000     0.000000  0
       235     0.000000     0.325420  3
       236     0.000000     0.325420  3
       237     0.000000     0.325420  3
       238     0.000000     0.325420  3
       239     0.000000     0.325420  3
       240     0.000000     0.325420  3
       241     0.000000     0.325420  3
       242     0.000000     0.325420  3
       243     0.000000     0.325420  3
       244     0.000000     0.000000  0
       245   180.000000     0.941400  1
       245   180.000000     3.305360  2
       245   180.000000     1.150600  3
       246     0.000000     1.673600  1
       246   180.000000     0.167360  3
       247     0.000000     0.000000  0
       248     0.000000     0.000000  0
       249     0.000000     0.418400  1
       249     0.000000     0.418400  2
       249     0.000000     0.836800  3
       250   180.000000     5.230000  2
       251   180.000000     5.230000  2
       252   180.000000     5.230000  2
       253   180.000000     5.230000  2
       254     0.000000     0.000000  0
       255     0.000000     0.000000  0
       256     0.000000     0.564840  2
       256     0.000000     0.878640  3
       257     0.000000     0.000000  0
       258     0.000000     0.000000  0
       259     0.000000     0.000000  0
       260     0.000000     0.325420  3
       261     0.000000     0.325420  3
       262     0.000000     0.325420  3
       263     0.000000     0.325420  3
       264     0.000000     0.325420  3
       265     0.000000     0.325420  3
       266     0.000000     0.325420  3
       267     0.000000     0.325420  3
       268     0.000000     0.325420  3
       269     0.000000     0.000000  0
       270   180.000000     0.941400  1
       270   180.000000     3.305360  2
       270   180.000000     1.150600  3
       271     0.000000     1.673600  1
       271   180.000000     0.167360  3
       272     0.000000     0.000000  0
       273     0.000000     0.000000  0
       274     0.000000     0.418400  1
       274     0.000000     0.418400  2
       274     0.000000     0.836800  3
       275   180.000000     5.230000  2
       276   180.000000     5.230000  2
       277   180.000000     5.230000  2
       278   180.000000     5.230000  2
       279     0.000000     0.000000  0
       280     0.000000     0.000000  0
       281     0.000000     0.564840  2
       281     0.000000     0.878640  3
       282     0.000000     0.000000  0
       283     0.000000     0.000000  0
       284     0.000000     0.000000  0
       285     0.000000     0.325420  3
       286     0.000000     0.325420  3
       287     0.000000     0.325420  3
       288     0.000000     0.325420  3
       289     0.000000     0.325420  3
       290     0.000000     0.325420  3
       291     0.000000     0.325420  3
       292     0.000000     0.325420  3
       293     0.000000     0.325420  3
       294     0.000000     0.000000  0
       295   180.000000     0.941400  1
       295   180.000000     3.305360  2
       295   180.000000     1.150600  3
       296     0.000000     1.673600  1
       296   180.000000     0.167360  3
       297     0.000000     0.000000  0
       298     0.000000     0.000000  0
       299     0.000000     0.418400  1
       299     0.000000     0.418400  2
       299     0.000000     0.836800  3
       300   180.000000     5.230000  2
       301   180.000000     5.230000  2
       302   180.000000     5.230000  2
       303   180.000000     5.230000  2
       304     0.000000     0.000000  0
       305     0.000000     0.000000  0
       306     0.000000     0.564840  2
       306     0.000000     0.878640  3
       307     0.000000     0.000000  0
       308     0.000000     0.000000  0
       309     0.000000     0.000000  0
       310     0.000000     0.325420  3
       311     0.000000     0.325420  3
       312     0.000000     0.325420  3
       313     0.000000     0.325420  3
       314     0.000000     0.325420  3
       315     0.000000     0.325420  3
       316     0.000000     0.325420  3
       317     0.000000     0.325420  3
       318     0.000000     0.325420  3
       319     0.000000     0.000000  0
       320   180.000000     0.941400  1
       320   180.000000     3.305360  2
       320   180.000000     1.150600  3
       321     0.000000     1.673600  1
       321   180.000000     0.167360  3
       322     0.000000     0.000000  0
       323     0.000000     0.000000  0
       324     0.000000     0.418400  1
       324     0.000000     0.418400  2
       324     0.000000     0.836800  3
       325   180.000000     5.230000  2
       326   180.000000     5.230000  2
       327   180.000000     5.230000  2
       328   180.000000     5.230000  2
       329     0.000000     0.000000  0
       330     0.000000     0.000000  0
       331     0.000000     0.564840  2
       331     0.000000     0.878640  3
       332     0.000000     0.000000  0
       333     0.000000     0.000000  0
       334     0.000000     0.000000  0
       335     0.000000     0.325420  3
       336     0.000000     0.325420  3
       337     0.000000     0.325420  3
       338     0.000000     0.325420  3
       339     0.000000     0.325420  3
       340     0.000000     0.325420  3
       341     0.000000     0.325420  3
       342     0.000000     0.325420  3
       343     0.000000     0.325420  3
       344     0.000000     0.000000  0
       345   180.000000     0.941400  1
       345   180.000000     3.305360  2
       345   180.000000     1.150600  3
       346     0.000000     1.673600  1
       346   180.000000     0.167360  3
       347     0.000000     0.000000  0
       348     0.000000     0.000000  0
       349     0.000000     0.418400  1
       349     0.000000     0.418400  2
       349     0.000000     0.836800  3
       350   180.000000     5.230000  2
       351   180.000000     5.230000  2
       352   180.000000     5.230000  2
       353   180.000000     5.230000  2
       354     0.000000     0.000000  0
       355     0.000000     0.000000  0
       356     0.000000     0.564840  2
       356     0.000000     0.878640  3
       357     0.000000     0.000000  0
       358     0.000000     0.000000  0
       359     0.000000     0.000000  0
       360     0.000000     0.325420  3
       361     0.000000     0.325420  3
       362     0.000000     0.325420  3
       363     0.000000     0.325420  3
       364     0.000000     0.325420  3
       365     0.000000     0.325420  3
       366     0.000000     0.325420  3
       367     0.000000     0.325420  3
       368     0.000000     0.325420  3
       369     0.000000     0.000000  0
       370   180.000000     0.941400  1
       370   180.000000     3.305360  2
       370   180.000000     1.150600  3
       371     0.000000     1.673600  1
       371   180.000000     0.167360  3
       372     0.000000     0.000000  0
       373     0.000000     0.000000  0
       374     0.000000     0.418400  1
       374     0.000000     0.418400  2
       374     0.000000     0.836800  3
       375   180.000000     5.230000  2
       376   180.000000     5.230000  2
       377   180.000000     5.230000  2
       378   180.000000     5.230000  2
       379     0.000000     0.000000  0
       380     0.000000     0.000000  0
       381     0.000000     0.564840  2
       381     0.000000     0.878640  3
       382     0.000000     0.000000  0
       383     0.000000     0.000000  0
       384     0.000000     0.000000  0
       385     0.000000     0.325420  3
       386     0.000000     0.325420  3
       387     0.000000     0.325420  3
       388     0.000000     0.325420  3
       389     0.000000     0.325420  3
       390     0.000000     0.325420  3
       391     0.000000     0.325420  3
       392     0.000000     0.325420  3
       393     0.000000     0.325420  3
       394     0.000000     0.000000  0
       395   180.000000     0.941400  1
       395   180.000000     3.305360  2
       395   180.000000     1.150600  3
       396     0.000000     1.673600  1
       396   180.000000     0.167360  3
       397     0.000000     0.000000  0
       398     0.000000     0.000000  0
       399     0.000000     0.418400  1
       399     0.000000     0.418400  2
       399     0.000000     0.836800  3
       400   180.000000     5.230000  2
       401   180.000000     5.230000  2
       402   180.000000     5.230000  2
       403   180.000000     5.230000  2
       404     0.000000     0.000000  0
       405     0.000000     0.000000  0
       406     0.000000     0.564840  2
       406     0.000000     0.878640  3
       407     0.000000     0.000000  0
       408     0.000000     0.000000  0
       409     0.000000     0.000000  0
       410     0.000000     0.325420  3
       411     0.000000     0.325420  3
       412     0.000000     0.325420  3
       413     0.000000     0.325420  3
       414     0.000000     0.325420  3
       415     0.000000     0.325420  3
       416     0.000000     0.325420  3
       417     0.000000     0.325420  3
       418     0.000000     0.325420  3
       419     0.000000     0.000000  0
       420   180.000000     0.941400  1
       420   180.000000     3.305360  2
       420   180.000000     1.150600  3
       421     0.000000     1.673600  1
       421   180.000000     0.167360  3
       422     0.000000     0.000000  0
       423     0.000000     0.000000  0
       424     0.000000     0.418400  1
       424     0.000000     0.418400  2
       424     0.000000     0.836800  3
       425   180.000000     5.230000  2
       426   180.000000     5.230000  2
       427   180.000000     5.230000  2
       428   180.000000     5.230000  2
       429     0.000000     0.000000  0
       430     0.000000     0.000000  0
       431     0.000000     0.564840  2
       431     0.000000     0.878640  3
       432     0.000000     0.000000  0
       433     0.000000     0.000000  0
       434     0.000000     0.000000  0
       435     0.000000     0.325420  3
       436     0.000000     0.325420  3
       437     0.000000     0.325420  3
       438     0.000000     0.325420  3
       439     0.000000     0.325420  3
       440     0.000000     0.325420  3
       441     0.000000     0.325420  3
       442     0.000000     0.325420  3
       443     0.000000     0.325420  3
       444     0.000000     0.000000  0
       445   180.000000     0.941400  1
       445   180.000000     3.305360  2
       445   180.000000     1.150600  3
       446     0.000000     1.673600  1
       446   180.000000     0.167360  3
       447     0.000000     0.000000  0
       448     0.000000     0.000000  0
       449     0.000000     0.418400  1
       449     0.000000     0.418400  2
       449     0.000000     0.836800  3
       450   180.000000     5.230000  2
       451   180.000000     5.230000  2
       452   180.000000     5.230000  2
       453   180.000000     5.230000  2
       454     0.000000     0.000000  0
       455     0.000000     0.000000  0
       456     0.000000     0.564840  2
       456     0.000000     0.878640  3
       457     0.000000     0.000000  0
       458     0.000000     0.000000  0
       459     0.000000     0.000000  0
       460     0.000000     0.325420  3
       461     0.000000     0.325420  3
       462     0.000000     0.325420  3
       463     0.000000     0.325420  3
       464     0.000000     0.325420  3
       465     0.000000     0.325420  3
       466     0.000000     0.325420  3
       467     0.000000     0.325420  3
       468     0.000000     0.325420  3
       469     0.000000     0.000000  0
       470   180.000000     0.941400  1
       470   180.000000     3.305360  2
       470   180.000000     1.150600  3
       471     0.000000     1.673600  1
       471   180.000000     0.167360  3
       472     0.000000     0.000000  0
       473     0.000000     0.000000  0
       474     0.000000     0.418400  1
       474     0.000000     0.418400  2
       474     0.000000     0.836800  3
       475   180.000000     5.230000  2
       476   180.000000     5.230000  2
       477   180.000000     5.230000  2
       478   180.000000     5.230000  2
       479     0.000000     0.000000  0
       480     0.000000     0.000000  0
       481     0.000000     0.564840  2
       481     0.000000     0.878640  3
       482     0.000000     0.000000  0
       483     0.000000     0.000000  0
       484     0.000000     0.000000  0
       485     0.000000     0.325420  3
       486     0.000000     0.325420  3
       487     0.000000     0.325420  3
       488     0.000000     0.325420  3
       489     0.000000     0.325420  3
       490     0.000000     0.325420  3
       491     0.000000     0.325420  3
       492     0.000000     0.325420  3
       493     0.000000     0.325420  3
       494     0.000000     0.000000  0
       495     0.000000     0.000000  0
       496     0.000000     0.000000  0
       497     0.000000     0.000000  0
       498     0.000000     0.000000  0
       499     0.000000     0.000000  0
