       499
         1          2          1          5          6  1 
         2          2          1          5          7  1 
         3          2          1          5         11  1 
         4          3          1          5          6  1 
         5          3          1          5          7  1 
         6          3          1          5         11  1 
         7          4          1          5          6  1 
         8          4          1          5          7  1 
         9          4          1          5         11  1 
        10          1          5          7          8  1 
        11          1          5          7          9  1 
        12          1          5          7         10  1 
        13          6          5          7          8  1 
        14          6          5          7          9  1 
        15          6          5          7         10  1 
        16         11          5          7          8  1 
        17         11          5          7          9  1 
        18         11          5          7         10  1 
        19          1          5         11         12  1 
        20          1          5         11         13  1 
        21          6          5         11         12  1 
        22          6          5         11         13  1 
        23          7          5         11         12  1 
        24          7          5         11         13  3 
        25          5         11         13         14  1 
        26          5         11         13         15  1 
        27         12         11         13         14  1 
        28         12         11         13         15  1 
        29         11         13         15         16  1 
        30         11         13         15         17  1 
        31         11         13         15         21  2 
        32         14         13         15         16  1 
        33         14         13         15         17  1 
        34         14         13         15         21  1 
        35         13         15         17         18  1 
        36         13         15         17         19  1 
        37         13         15         17         20  1 
        38         16         15         17         18  1 
        39         16         15         17         19  1 
        40         16         15         17         20  1 
        41         21         15         17         18  1 
        42         21         15         17         19  1 
        43         21         15         17         20  1 
        44         13         15         21         22  1 
        45         13         15         21         23  3 
        46         16         15         21         22  2 
        47         16         15         21         23  1 
        48         17         15         21         22  1 
        49         17         15         21         23  3 
        50         15         21         23         24  1 
        51         15         21         23         25  1 
        52         22         21         23         24  1 
        53         22         21         23         25  1 
        54         21         23         25         26  1 
        55         21         23         25         27  1 
        56         21         23         25         31  2 
        57         24         23         25         26  1 
        58         24         23         25         27  1 
        59         24         23         25         31  1 
        60         23         25         27         28  1 
        61         23         25         27         29  1 
        62         23         25         27         30  1 
        63         26         25         27         28  1 
        64         26         25         27         29  1 
        65         26         25         27         30  1 
        66         31         25         27         28  1 
        67         31         25         27         29  1 
        68         31         25         27         30  1 
        69         23         25         31         32  1 
        70         23         25         31         33  3 
        71         26         25         31         32  2 
        72         26         25         31         33  1 
        73         27         25         31         32  1 
        74         27         25         31         33  3 
        75         25         31         33         34  1 
        76         25         31         33         35  1 
        77         32         31         33         34  1 
        78         32         31         33         35  1 
        79         31         33         35         36  1 
        80         31         33         35         37  1 
        81         31         33         35         41  2 
        82         34         33         35         36  1 
        83         34         33         35         37  1 
        84         34         33         35         41  1 
        85         33         35         37         38  1 
        86         33         35         37         39  1 
        87         33         35         37         40  1 
        88         36         35         37         38  1 
        89         36         35         37         39  1 
        90         36         35         37         40  1 
        91         41         35         37         38  1 
        92         41         35         37         39  1 
        93         41         35         37         40  1 
        94         33         35         41         42  1 
        95         33         35         41         43  3 
        96         36         35         41         42  2 
        97         36         35         41         43  1 
        98         37         35         41         42  1 
        99         37         35         41         43  3 
       100         35         41         43         44  1 
       101         35         41         43         45  1 
       102         42         41         43         44  1 
       103         42         41         43         45  1 
       104         41         43         45         46  1 
       105         41         43         45         47  1 
       106         41         43         45         51  2 
       107         44         43         45         46  1 
       108         44         43         45         47  1 
       109         44         43         45         51  1 
       110         43         45         47         48  1 
       111         43         45         47         49  1 
       112         43         45         47         50  1 
       113         46         45         47         48  1 
       114         46         45         47         49  1 
       115         46         45         47         50  1 
       116         51         45         47         48  1 
       117         51         45         47         49  1 
       118         51         45         47         50  1 
       119         43         45         51         52  1 
       120         43         45         51         53  3 
       121         46         45         51         52  2 
       122         46         45         51         53  1 
       123         47         45         51         52  1 
       124         47         45         51         53  3 
       125         45         51         53         54  1 
       126         45         51         53         55  1 
       127         52         51         53         54  1 
       128         52         51         53         55  1 
       129         51         53         55         56  1 
       130         51         53         55         57  1 
       131         51         53         55         61  2 
       132         54         53         55         56  1 
       133         54         53         55         57  1 
       134         54         53         55         61  1 
       135         53         55         57         58  1 
       136         53         55         57         59  1 
       137         53         55         57         60  1 
       138         56         55         57         58  1 
       139         56         55         57         59  1 
       140         56         55         57         60  1 
       141         61         55         57         58  1 
       142         61         55         57         59  1 
       143         61         55         57         60  1 
       144         53         55         61         62  1 
       145         53         55         61         63  3 
       146         56         55         61         62  2 
       147         56         55         61         63  1 
       148         57         55         61         62  1 
       149         57         55         61         63  3 
       150         55         61         63         64  1 
       151         55         61         63         65  1 
       152         62         61         63         64  1 
       153         62         61         63         65  1 
       154         61         63         65         66  1 
       155         61         63         65         67  1 
       156         61         63         65         71  2 
       157         64         63         65         66  1 
       158         64         63         65         67  1 
       159         64         63         65         71  1 
       160         63         65         67         68  1 
       161         63         65         67         69  1 
       162         63         65         67         70  1 
       163         66         65         67         68  1 
       164         66         65         67         69  1 
       165         66         65         67         70  1 
       166         71         65         67         68  1 
       167         71         65         67         69  1 
       168         71         65         67         70  1 
       169         63         65         71         72  1 
       170         63         65         71         73  3 
       171         66         65         71         72  2 
       172         66         65         71         73  1 
       173         67         65         71         72  1 
       174         67         65         71         73  3 
       175         65         71         73         74  1 
       176         65         71         73         75  1 
       177         72         71         73         74  1 
       178         72         71         73         75  1 
       179         71         73         75         76  1 
       180         71         73         75         77  1 
       181         71         73         75         81  2 
       182         74         73         75         76  1 
       183         74         73         75         77  1 
       184         74         73         75         81  1 
       185         73         75         77         78  1 
       186         73         75         77         79  1 
       187         73         75         77         80  1 
       188         76         75         77         78  1 
       189         76         75         77         79  1 
       190         76         75         77         80  1 
       191         81         75         77         78  1 
       192         81         75         77         79  1 
       193         81         75         77         80  1 
       194         73         75         81         82  1 
       195         73         75         81         83  3 
       196         76         75         81         82  2 
       197         76         75         81         83  1 
       198         77         75         81         82  1 
       199         77         75         81         83  3 
       200         75         81         83         84  1 
       201         75         81         83         85  1 
       202         82         81         83         84  1 
       203         82         81         83         85  1 
       204         81         83         85         86  1 
       205         81         83         85         87  1 
       206         81         83         85         91  2 
       207         84         83         85         86  1 
       208         84         83         85         87  1 
       209         84         83         85         91  1 
       210         83         85         87         88  1 
       211         83         85         87         89  1 
       212         83         85         87         90  1 
       213         86         85         87         88  1 
       214         86         85         87         89  1 
       215         86         85         87         90  1 
       216         91         85         87         88  1 
       217         91         85         87         89  1 
       218         91         85         87         90  1 
       219         83         85         91         92  1 
       220         83         85         91         93  3 
       221         86         85         91         92  2 
       222         86         85         91         93  1 
       223         87         85         91         92  1 
       224         87         85         91         93  3 
       225         85         91         93         94  1 
       226         85         91         93         95  1 
       227         92         91         93         94  1 
       228         92         91         93         95  1 
       229         91         93         95         96  1 
       230         91         93         95         97  1 
       231         91         93         95        101  2 
       232         94         93         95         96  1 
       233         94         93         95         97  1 
       234         94         93         95        101  1 
       235         93         95         97         98  1 
       236         93         95         97         99  1 
       237         93         95         97        100  1 
       238         96         95         97         98  1 
       239         96         95         97         99  1 
       240         96         95         97        100  1 
       241        101         95         97         98  1 
       242        101         95         97         99  1 
       243        101         95         97        100  1 
       244         93         95        101        102  1 
       245         93         95        101        103  3 
       246         96         95        101        102  2 
       247         96         95        101        103  1 
       248         97         95        101        102  1 
       249         97         95        101        103  3 
       250         95        101        103        104  1 
       251         95        101        103        105  1 
       252        102        101        103        104  1 
       253        102        101        103        105  1 
       254        101        103        105        106  1 
       255        101        103        105        107  1 
       256        101        103        105        111  2 
       257        104        103        105        106  1 
       258        104        103        105        107  1 
       259        104        103        105        111  1 
       260        103        105        107        108  1 
       261        103        105        107        109  1 
       262        103        105        107        110  1 
       263        106        105        107        108  1 
       264        106        105        107        109  1 
       265        106        105        107        110  1 
       266        111        105        107        108  1 
       267        111        105        107        109  1 
       268        111        105        107        110  1 
       269        103        105        111        112  1 
       270        103        105        111        113  3 
       271        106        105        111        112  2 
       272        106        105        111        113  1 
       273        107        105        111        112  1 
       274        107        105        111        113  3 
       275        105        111        113        114  1 
       276        105        111        113        115  1 
       277        112        111        113        114  1 
       278        112        111        113        115  1 
       279        111        113        115        116  1 
       280        111        113        115        117  1 
       281        111        113        115        121  2 
       282        114        113        115        116  1 
       283        114        113        115        117  1 
       284        114        113        115        121  1 
       285        113        115        117        118  1 
       286        113        115        117        119  1 
       287        113        115        117        120  1 
       288        116        115        117        118  1 
       289        116        115        117        119  1 
       290        116        115        117        120  1 
       291        121        115        117        118  1 
       292        121        115        117        119  1 
       293        121        115        117        120  1 
       294        113        115        121        122  1 
       295        113        115        121        123  3 
       296        116        115        121        122  2 
       297        116        115        121        123  1 
       298        117        115        121        122  1 
       299        117        115        121        123  3 
       300        115        121        123        124  1 
       301        115        121        123        125  1 
       302        122        121        123        124  1 
       303        122        121        123        125  1 
       304        121        123        125        126  1 
       305        121        123        125        127  1 
       306        121        123        125        131  2 
       307        124        123        125        126  1 
       308        124        123        125        127  1 
       309        124        123        125        131  1 
       310        123        125        127        128  1 
       311        123        125        127        129  1 
       312        123        125        127        130  1 
       313        126        125        127        128  1 
       314        126        125        127        129  1 
       315        126        125        127        130  1 
       316        131        125        127        128  1 
       317        131        125        127        129  1 
       318        131        125        127        130  1 
       319        123        125        131        132  1 
       320        123        125        131        133  3 
       321        126        125        131        132  2 
       322        126        125        131        133  1 
       323        127        125        131        132  1 
       324        127        125        131        133  3 
       325        125        131        133        134  1 
       326        125        131        133        135  1 
       327        132        131        133        134  1 
       328        132        131        133        135  1 
       329        131        133        135        136  1 
       330        131        133        135        137  1 
       331        131        133        135        141  2 
       332        134        133        135        136  1 
       333        134        133        135        137  1 
       334        134        133        135        141  1 
       335        133        135        137        138  1 
       336        133        135        137        139  1 
       337        133        135        137        140  1 
       338        136        135        137        138  1 
       339        136        135        137        139  1 
       340        136        135        137        140  1 
       341        141        135        137        138  1 
       342        141        135        137        139  1 
       343        141        135        137        140  1 
       344        133        135        141        142  1 
       345        133        135        141        143  3 
       346        136        135        141        142  2 
       347        136        135        141        143  1 
       348        137        135        141        142  1 
       349        137        135        141        143  3 
       350        135        141        143        144  1 
       351        135        141        143        145  1 
       352        142        141        143        144  1 
       353        142        141        143        145  1 
       354        141        143        145        146  1 
       355        141        143        145        147  1 
       356        141        143        145        151  2 
       357        144        143        145        146  1 
       358        144        143        145        147  1 
       359        144        143        145        151  1 
       360        143        145        147        148  1 
       361        143        145        147        149  1 
       362        143        145        147        150  1 
       363        146        145        147        148  1 
       364        146        145        147        149  1 
       365        146        145        147        150  1 
       366        151        145        147        148  1 
       367        151        145        147        149  1 
       368        151        145        147        150  1 
       369        143        145        151        152  1 
       370        143        145        151        153  3 
       371        146        145        151        152  2 
       372        146        145        151        153  1 
       373        147        145        151        152  1 
       374        147        145        151        153  3 
       375        145        151        153        154  1 
       376        145        151        153        155  1 
       377        152        151        153        154  1 
       378        152        151        153        155  1 
       379        151        153        155        156  1 
       380        151        153        155        157  1 
       381        151        153        155        161  2 
       382        154        153        155        156  1 
       383        154        153        155        157  1 
       384        154        153        155        161  1 
       385        153        155        157        158  1 
       386        153        155        157        159  1 
       387        153        155        157        160  1 
       388        156        155        157        158  1 
       389        156        155        157        159  1 
       390        156        155        157        160  1 
       391        161        155        157        158  1 
       392        161        155        157        159  1 
       393        161        155        157        160  1 
       394        153        155        161        162  1 
       395        153        155        161        163  3 
       396        156        155        161        162  2 
       397        156        155        161        163  1 
       398        157        155        161        162  1 
       399        157        155        161        163  3 
       400        155        161        163        164  1 
       401        155        161        163        165  1 
       402        162        161        163        164  1 
       403        162        161        163        165  1 
       404        161        163        165        166  1 
       405        161        163        165        167  1 
       406        161        163        165        171  2 
       407        164        163        165        166  1 
       408        164        163        165        167  1 
       409        164        163        165        171  1 
       410        163        165        167        168  1 
       411        163        165        167        169  1 
       412        163        165        167        170  1 
       413        166        165        167        168  1 
       414        166        165        167        169  1 
       415        166        165        167        170  1 
       416        171        165        167        168  1 
       417        171        165        167        169  1 
       418        171        165        167        170  1 
       419        163        165        171        172  1 
       420        163        165        171        173  3 
       421        166        165        171        172  2 
       422        166        165        171        173  1 
       423        167        165        171        172  1 
       424        167        165        171        173  3 
       425        165        171        173        174  1 
       426        165        171        173        175  1 
       427        172        171        173        174  1 
       428        172        171        173        175  1 
       429        171        173        175        176  1 
       430        171        173        175        177  1 
       431        171        173        175        181  2 
       432        174        173        175        176  1 
       433        174        173        175        177  1 
       434        174        173        175        181  1 
       435        173        175        177        178  1 
       436        173        175        177        179  1 
       437        173        175        177        180  1 
       438        176        175        177        178  1 
       439        176        175        177        179  1 
       440        176        175        177        180  1 
       441        181        175        177        178  1 
       442        181        175        177        179  1 
       443        181        175        177        180  1 
       444        173        175        181        182  1 
       445        173        175        181        183  3 
       446        176        175        181        182  2 
       447        176        175        181        183  1 
       448        177        175        181        182  1 
       449        177        175        181        183  3 
       450        175        181        183        184  1 
       451        175        181        183        185  1 
       452        182        181        183        184  1 
       453        182        181        183        185  1 
       454        181        183        185        186  1 
       455        181        183        185        187  1 
       456        181        183        185        191  2 
       457        184        183        185        186  1 
       458        184        183        185        187  1 
       459        184        183        185        191  1 
       460        183        185        187        188  1 
       461        183        185        187        189  1 
       462        183        185        187        190  1 
       463        186        185        187        188  1 
       464        186        185        187        189  1 
       465        186        185        187        190  1 
       466        191        185        187        188  1 
       467        191        185        187        189  1 
       468        191        185        187        190  1 
       469        183        185        191        192  1 
       470        183        185        191        193  3 
       471        186        185        191        192  2 
       472        186        185        191        193  1 
       473        187        185        191        192  1 
       474        187        185        191        193  3 
       475        185        191        193        194  1 
       476        185        191        193        195  1 
       477        192        191        193        194  1 
       478        192        191        193        195  1 
       479        191        193        195        196  1 
       480        191        193        195        197  1 
       481        191        193        195        201  2 
       482        194        193        195        196  1 
       483        194        193        195        197  1 
       484        194        193        195        201  1 
       485        193        195        197        198  1 
       486        193        195        197        199  1 
       487        193        195        197        200  1 
       488        196        195        197        198  1 
       489        196        195        197        199  1 
       490        196        195        197        200  1 
       491        201        195        197        198  1 
       492        201        195        197        199  1 
       493        201        195        197        200  1 
       494        193        195        201        202  1 
       495        193        195        201        203  1 
       496        196        195        201        202  1 
       497        196        195        201        203  1 
       498        197        195        201        202  1 
       499        197        195        201        203  1 
